24
0
24
11
16
6
54
0
60
9134928
0
896
0
538980640
857743410
540287008
538981664
8324150
-1452
-30343168
553528621
539033120
-31448834
2013143072
1961289567
72
2
2
1
1
2
2
2
2
2
2
2
2
2
2
2
2
2
2
0
2
2
2
2
2
2
2
2
2
2
2
2
2
2
2
2
2
2
2
2
0
0
2
2
2
2
2
2
2
2
2
2
2
2
2
2
0
2
2
2
2
2
2
2
2
2
2
2
2
2
2
2
2
2
2
2
2
2
2
2
2
2
2
2
2
2
2
2
2
2
2
2
2
2
2
2
2
2
2
2
2
2
2
2
2
2
2
2
2
2
2
2
2
2
2
2
2
2
2
2
2
2
2
2
2
2
2
2
2
2
2
2
2
2
2
2
1
2
2
2
2
2
2
2
2
2
2
2
2
2
2
2
2
2
2
2
2
2
2
2
2
2
2
2
2
2
2
2
2
2
1
2
2
2
2
2
2
2
2
2
2
2
2
2
2
2
2
2
0
0
0
0
0
0
0
0
0
0
0
0
0
0
0
0
0
0
0
0
0
0
0
0
0
0
0
0
0
0
0
0
0
0
0
0
0
0
0
0
0
0
0
0
0
0
0
0
0
0
0
0
0
0
0
0
0
0
0
0
0
0
0
0
0
0
0
0
0
0
0
0
0
0
0
0
0
0
0
0
0
0
0
0
0
0
0
0
0
0
0
0
0
0
0
0
0
0
0
0
0
0
0
0
0
0
0
0
0
0
0
0
0
0
0
0
0
0
0
0
0
0
0
0
0
0
0
0
0
0
0
0
0
0
0
0
0
0
0
0
32
49
32
32
50
32
32
51
32
32
52
32
32
53
32
32
54
49
-2
45
45
-2
32
32
-2
32
32
-2
32
32
-2
32
32
-2
32
124
32
32
32
32
32
32
32
32
32
32
32
32
32
32
32
50
-2
32
32
-2
45
45
-2
32
32
-2
32
32
-2
32
32
-2
32
32
32
32
124
32
32
32
32
32
32
32
32
32
32
32
32
51
-2
32
32
-2
32
32
-2
32
32
-2
32
32
-2
32
32
-2
32
32
32
32
32
32
32
32
32
32
32
32
32
32
32
32
32
52
-2
32
32
-2
32
32
-2
32
32
-2
32
32
-2
32
32
-2
32
32
32
32
32
32
32
32
32
32
32
32
32
32
32
32
124
53
-2
32
32
-2
32
32
-2
32
32
-2
32
32
-2
32
32
-2
32
32
32
32
32
32
32
32
32
32
32
32
32
32
32
32
124
54
-2
32
32
-2
32
32
-2
32
32
-2
32
32
-2
32
32
-2
Nada,10,0,3
Computer,13,0,3
